--- [文字報表：斗六站各時段上、下車旅運量完整結果 (每5分鐘)] ---
       平日_上車  假日_上車  平日_下車  假日_下車
時間
00:00    295    142     13      1
00:05     72     31      2      0
00:10    107     88      1      5
00:15    258    166      4      0
00:20     35     29      0      0
00:25     11      2      0      0
00:30     18      0      1      0
00:35      3      2      0      0
00:40      1      0      0      0
00:45     15      0      0      0
00:50     23      0      0      0
00:55      1      0      0      0
01:00      1      1      1      0
01:05      1      0      0      0
01:10      0      0      0      0
01:15      0      0      0      0
01:20      0      1      0      0
01:25      0      0      0      0
01:30      0      0      0      0
01:35      0      1      0      0
01:40      0      0      0      0
01:45      0      0      0      9
01:50      0      0      0      0
01:55      0      0      0      0
02:00      0      0      0      0
02:05      0      0      3      0
02:10      0      0      0      0
02:15      0      0      0      0
02:20      0      0      0      0
02:25      0      1      0      0
02:30      0      0      0      0
02:35      0      0      0      0
02:40      0      0      0      0
02:45      0      0      0      0
02:50      0      0      0      0
02:55      0      0      0      0
03:00      0      0      0      0
03:05      0      0      0      0
03:10      0      0      0      0
03:15      0      0      0      0
03:20      0      0      0      0
03:25      0      1      0      0
03:30      0      0      0      0
03:35      1      0      0      0
03:40      0      0      0      0
03:45      0      0      0      0
03:50      0      0      0      0
03:55      1      0      0      0
04:00      1      1      0      0
04:05      0      1      0      0
04:10      1      0      0      1
04:15      1      0      0      0
04:20      1      2      1      0
04:25     10      6      0      0
04:30     37     19      0      0
04:35     97     37      1      0
04:40    128     54      1      0
04:45    202     80      3      2
04:50    230    139      2      2
04:55    143     94      0      1
05:00    493    407      2      2
05:05    494    270      1      0
05:10   1344    523      0      2
05:15   1589    544      2      0
05:20    961    394      4      5
05:25    253    120    742    275
05:30    270     80    119     42
05:35    681    268     11      5
05:40   1494    511      3      2
05:45   1222    442    259     24
05:50    510    177   1548    274
05:55    767    221    751    294
06:00    923    255     42     18
06:05   1351    286    202     25
06:10    977    207   1036    297
06:15   1532    389    418     96
06:20   2507    526   1107    201
06:25   2982    572    380     86
06:30   2058    413   2404    512
06:35   1394    238   1524    358
06:40   3290    485    102     32
06:45   2821    487   2001    396
06:50   3056    605   2980    599
06:55   7829   1291     83     15
07:00   8031   2152   9687    969
07:05   5891    739   6102   1054
07:10   7260    964  10787    611
07:15   3480    488  25710   2381
07:20   5791    680   2275    243
07:25   4840    494  11131   1416
07:30    629    245   7396    880
07:35    944    477   4574    530
07:40   5409   1698   4657    556
07:45   3203   1021   5457    895
07:50   7973   1902   3902    477
07:55   2807    923   9338   1546
08:00   3549   1093    824    164
08:05   2451    922   5793   1793
08:10   2973   1095  14403   2831
08:15   2401    991   4969   1005
08:20   2797   1131   1281     94
08:25   1535    674   7336   2390
08:30   1431    604   2029    573
08:35   3559   1707   4921    727
08:40   2237   1129    731    158
08:45   2868   1576    648    191
08:50   2893   1488  12874   6136
08:55   4156   2142   1640    774
09:00   1475    849    296    140
09:05   1909    991   1420    918
09:10   2394   1250   1879   1149
09:15   3048   1615    195     71
09:20   2821   1594   2017    567
09:25   1601    858   6701   4256
09:30   1044    590   3261   2248
09:35   1502    762    394    128
09:40   2292   1313    156     87
09:45   4034   2403   2773   1803
09:50   4299   2718   2448    978
09:55   2638   1578   5128   2851
10:00   1320    805   5197   3194
10:05   1426    897    971    728
10:10   2307   1464    817    610
10:15   3004   1817    956    684
10:20   3500   2162   4307   2556
10:25   2343   1521   2062   1445
10:30   2236   1531   3487   2332
10:35   1651   1105   1648    896
10:40   2179   1474    396    276
10:45   2544   1749   3929   2565
10:50   2815   2071   3717   2592
10:55   1309    881   1424    838
11:00   1613   1082    385    315
11:05   2415   1669    140     95
11:10   2413   1712   1260    651
11:15   1998   1200   2451   1908
11:20   1459    837   4436   2525
11:25   1492    912   1155    816
11:30   2638   1677   2400   1474
11:35   2798   1490    812    531
11:40   3579   2094   2496   1330
11:45   3516   2416   4877   2612
11:50   1474   1003   2253   1436
11:55   1737   1058    356    326
12:00   2127   1248     96     84
12:05   1960   1092   2957   1674
12:10   4150   2440   2523   1721
12:15   2129   1289   2597   1340
12:20   1810   1071   2924   1613
12:25   1313    801    293    155
12:30   2038   1222    103     59
12:35   2396   1349     26     34
12:40   2889   1691   2444   1628
12:45   2985   1800   2043   1114
12:50   2970   1649   3525   1715
12:55   1345    878   2564   1352
13:00   1768   1096    583    278
13:05   2199   1432    509    320
13:10   3942   2315   7356   3899
13:15   2510   1448   1801    846
13:20   1184    652    645    347
13:25   1476    915    146    126
13:30   1705   1051    534    450
13:35   2454   1674   1102    714
13:40   2547   1610    787    415
13:45   2962   1916   3968   2525
13:50   2643   1749   2726   1507
13:55   2224   1377   1025    454
14:00   1948   1370   1844   1134
14:05   1464    957   3787   2757
14:10   1713   1162   2613   1334
14:15   1294    859   1130    644
14:20   2984   1784    190    101
14:25   2563   1678    620    357
14:30   3167   2051   1766   1081
14:35   2958   1950   1956    950
14:40   1360    830   1871   1488
14:45   1143    738   1669   1099
14:50   1629   1084    455    334
14:55   2447   1433    182     94
15:00   2600   1565   1720    987
15:05   3519   2056   4746   3227
15:10   2496   1478   1191    774
15:15   2391   1624    955    623
15:20   2531   1677    506    288
15:25   2202   1538   3366   2293
15:30   3036   1736    414    236
15:35   2841   1636   1115    551
15:40   2041   1286   1677   1095
15:45   1912   1431   2539   1527
15:50   1544   1090    371    314
15:55   1981   1314    109    128
16:00   2551   1326   1767    910
16:05   2788   1153   2065   1137
16:10   5375   2189   3091   1746
16:15   7603   2870   2519   1532
16:20   5558   2620   2478   1125
16:25   1996   1041   2696   1576
16:30   2855   1415    638    566
16:35   4391   2090    147     88
16:40   6392   2546   4755   1258
16:45   4593   1929   7219   3216
16:50   2602   1334   1673    891
16:55   3308   1266   1792    962
17:00   6037   1676   2128   1112
17:05  12772   3052   1713    631
17:10  14173   2484   9997   4118
17:15  10068   2530   3429   1613
17:20   5539   1310   1304    484
17:25   7351   1722    366    174
17:30   7738   1759   8981   2020
17:35   7851   1725   3065    866
17:40   5658   1500   4975   1973
17:45  10599   2055   3510   1399
17:50  11269   2212   8930   2599
17:55   7917   1667   3205   1023
18:00   5159   1872   8531   2973
18:05   4544   1203   1421    607
18:10   6700   2185   3478   1047
18:15   7243   2153   1999    525
18:20   6116   1829   1696    769
18:25   2238    944  10754   3294
18:30   3014   1123   4659   2051
18:35   4205   1552    660    318
18:40   4588   1684   1489    633
18:45   5835   2601   4121    853
18:50   2456    964   7968   3164
18:55   2186   1078   3284   1208
19:00   4309   2359    581    246
19:05   3487   1624   6886   2882
19:10   3287   1668   3536   1120
19:15   1595    829   3925   1499
19:20   1967   1163   3396   1652
19:25   3430   1964   1458    643
19:30   2246   1261    278    162
19:35   2468   1525    349    226
19:40   2332   1292    769    391
19:45   1586    955   5102   2782
19:50   1767    998    936    746
19:55   1643    890   1126    743
20:00   2005   1441   2469   1377
20:05   2355   1278   2441   1306
20:10   2872   1764    829    641
20:15   2978   1754    677    413
20:20   2344   1347    910    761
20:25   1584    710   2632   1646
20:30   1522    955   1261    985
20:35   1731    832    333    236
20:40   2589   1208    362    212
20:45   3977   2169   3076   1947
20:50   3702   1950   1835   1023
20:55   1556    870   1658   1128
21:00   1583    655    911    866
21:05   3498   1059    812    404
21:10   5237   1962    781    402
21:15   3599   1026   1728   1092
21:20   3014   1057   1750   1098
21:25   3352   1367   1909    752
21:30    918    535   2054   1139
21:35   1116    555    268    177
21:40   1718    721     82    120
21:45   2143    818   1116    558
21:50   1730    641   1532    788
21:55   1145    539    816    549
22:00   1510    710    263    212
22:05   2258   1094   1273    755
22:10   2143    935    312    241
22:15    694    349   3438   1254
22:20    579    311    367    217
22:25    793    366     66     87
22:30    749    337   1355    541
22:35   1063    499    835    548
22:40    889    489    621    290
22:45    943    540    770    297
22:50    627    359   1017    523
22:55    218    120    458    323
23:00    374    189    524    310
23:05    763    342    351    242
23:10    742    415     19     16
23:15    489    236    222    136
23:20    171     95   1139    574
23:25    151     73    483    395
23:30    226     88     14     28
23:35    190    107     11      9
23:40     52     19    357    259
23:45     42     21     76     37
23:50     27      9     19     12
23:55     28      7      6      0